>m1_ntcagcaccatggacagcdccn
A 0.155	0.060	0.069	0.842	0.047	0.082	0.955	0.004	0.025	0.517	0.186	0.026	0.027	0.875	0.010	0.988	0.033	0.153	0.228	0.128	0.115	0.269
C 0.164	0.212	0.770	0.028	0.051	0.566	0.010	0.964	0.905	0.145	0.160	0.001	0.006	0.073	0.813	0.002	0.008	0.574	0.028	0.602	0.698	0.356
G 0.225	0.118	0.059	0.090	0.880	0.217	0.024	0.018	0.023	0.082	0.086	0.971	0.966	0.024	0.132	0.005	0.953	0.114	0.429	0.186	0.032	0.108
T 0.456	0.609	0.101	0.039	0.022	0.135	0.011	0.013	0.047	0.256	0.568	0.002	0.001	0.028	0.045	0.004	0.006	0.159	0.315	0.084	0.155	0.267
>m2_ncyccyyyyycwgcccyn
A 0.171	0.000	0.067	0.000	0.000	0.147	0.030	0.002	0.000	0.000	0.001	0.435	0.006	0.000	0.236	0.004	0.042	0.225
C 0.329	0.747	0.360	0.542	0.737	0.356	0.496	0.625	0.596	0.526	0.996	0.053	0.253	0.948	0.525	0.756	0.618	0.311
G 0.232	0.053	0.000	0.202	0.000	0.011	0.115	0.005	0.000	0.000	0.001	0.001	0.516	0.008	0.000	0.000	0.006	0.196
T 0.267	0.200	0.573	0.257	0.263	0.487	0.359	0.368	0.404	0.474	0.001	0.511	0.225	0.043	0.239	0.240	0.334	0.268
>m3_nrggaggragn
A 0.322	0.410	0.000	0.000	1.000	0.000	0.000	0.380	1.000	0.000	0.252
C 0.169	0.000	0.000	0.000	0.000	0.000	0.000	0.203	0.000	0.000	0.211
G 0.305	0.590	1.000	1.000	0.000	1.000	1.000	0.417	0.000	1.000	0.404
T 0.203	0.000	0.000	0.000	0.000	0.000	0.000	0.000	0.000	0.000	0.133
>m4_ndggagctgtccanggtn
A 0.235	0.302	0.000	0.000	0.531	0.000	0.000	0.000	0.000	0.000	0.000	0.010	0.540	0.229	0.119	0.155	0.106	0.154
C 0.276	0.000	0.000	0.148	0.204	0.072	1.000	0.000	0.000	0.026	0.990	0.952	0.131	0.209	0.222	0.146	0.195	0.256
G 0.266	0.430	1.000	0.852	0.021	0.928	0.000	0.000	1.000	0.157	0.010	0.000	0.156	0.260	0.534	0.590	0.140	0.428
T 0.223	0.269	0.000	0.000	0.245	0.000	0.000	1.000	0.000	0.817	0.000	0.037	0.173	0.303	0.125	0.109	0.559	0.161
>m5_nrgggarrgrsagrrn
A 0.258	0.480	0.018	0.330	0.286	0.581	0.543	0.367	0.147	0.333	0.216	0.928	0.000	0.413	0.391	0.355
C 0.226	0.000	0.000	0.000	0.058	0.159	0.000	0.000	0.000	0.003	0.456	0.000	0.000	0.046	0.035	0.157
G 0.336	0.401	0.982	0.670	0.656	0.260	0.359	0.628	0.853	0.664	0.329	0.002	1.000	0.541	0.561	0.370
T 0.179	0.119	0.000	0.000	0.000	0.000	0.098	0.005	0.000	0.000	0.000	0.070	0.000	0.000	0.012	0.118
>m6_cncnscccncccnscyccwgccn
A 0.044	0.130	0.019	0.194	0.010	0.059	0.061	0.087	0.132	0.008	0.035	0.000	0.269	0.019	0.025	0.098	0.005	0.000	0.292	0.001	0.001	0.101	0.159
C 0.659	0.408	0.769	0.393	0.547	0.730	0.566	0.503	0.359	0.591	0.671	0.956	0.327	0.353	0.809	0.464	0.652	0.993	0.183	0.293	0.842	0.718	0.396
G 0.224	0.213	0.186	0.115	0.378	0.098	0.201	0.247	0.291	0.280	0.161	0.041	0.061	0.531	0.124	0.112	0.273	0.003	0.061	0.604	0.149	0.018	0.215
T 0.074	0.250	0.026	0.299	0.065	0.113	0.172	0.162	0.218	0.121	0.132	0.003	0.342	0.097	0.042	0.326	0.070	0.004	0.464	0.101	0.008	0.164	0.231
>m7_ncwgrggctgn
A 0.173	0.000	0.514	0.000	0.454	0.000	0.000	0.000	0.000	0.000	0.219
C 0.305	1.000	0.000	0.000	0.000	0.000	0.000	1.000	0.000	0.000	0.279
G 0.349	0.000	0.000	1.000	0.546	1.000	1.000	0.000	0.000	1.000	0.343
T 0.173	0.000	0.486	0.000	0.000	0.000	0.000	0.000	1.000	0.000	0.159
>m8_nagraagrran
A 0.323	1.000	0.000	0.567	1.000	1.000	0.000	0.599	0.603	1.000	0.350
C 0.197	0.000	0.000	0.000	0.000	0.000	0.000	0.000	0.000	0.000	0.137
G 0.345	0.000	1.000	0.433	0.000	0.000	1.000	0.401	0.397	0.000	0.332
T 0.135	0.000	0.000	0.000	0.000	0.000	0.000	0.000	0.000	0.000	0.181
>m9_nctgtccntggtgctgaan
A 0.180	0.093	0.078	0.096	0.089	0.053	0.046	0.313	0.244	0.000	0.000	0.000	0.000	0.000	0.000	0.000	1.000	0.619	0.307
C 0.218	0.733	0.110	0.184	0.117	0.751	0.777	0.201	0.120	0.000	0.000	0.000	0.000	1.000	0.000	0.000	0.000	0.149	0.224
G 0.430	0.101	0.084	0.650	0.154	0.073	0.098	0.283	0.127	1.000	1.000	0.000	1.000	0.000	0.000	1.000	0.000	0.115	0.289
T 0.172	0.073	0.728	0.069	0.640	0.123	0.079	0.202	0.509	0.000	0.000	1.000	0.000	0.000	1.000	0.000	0.000	0.117	0.180
>m10_nggngctgtccanggtn
A 0.258	0.184	0.085	0.374	0.148	0.000	0.000	0.000	0.000	0.000	0.000	1.000	0.228	0.116	0.177	0.081	0.186
C 0.127	0.058	0.176	0.368	0.103	1.000	0.000	0.000	0.000	1.000	1.000	0.000	0.120	0.247	0.110	0.188	0.291
G 0.334	0.635	0.583	0.052	0.559	0.000	0.000	1.000	0.000	0.000	0.000	0.000	0.349	0.524	0.611	0.133	0.326
T 0.281	0.122	0.156	0.206	0.190	0.000	1.000	0.000	1.000	0.000	0.000	0.000	0.303	0.113	0.102	0.597	0.197
>m11_nngnntgtgtgtg
A 0.173	0.173	0.160	0.152	0.159	0.000	0.000	0.000	0.000	0.000	0.000	0.000	0.154
C 0.169	0.164	0.146	0.166	0.240	0.000	0.000	0.000	0.000	0.000	0.000	0.000	0.163
G 0.490	0.164	0.501	0.218	0.471	0.000	1.000	0.000	1.000	0.000	1.000	0.000	0.510
T 0.169	0.499	0.193	0.464	0.130	1.000	0.000	1.000	0.000	1.000	0.000	1.000	0.173
